-2.929322062624553080e-01
-2.335380562845605981e-02
1.000000000000000000e+00
5.294999089961391903e-01
-2.620032548334705891e-01
-1.617991227472068139e-01
-7.088245991605275631e-02
-2.097642575525114073e-01
-2.066241700868430287e-01
1.062811897213639944e-01
6.216224920222931383e-01
-8.805332967730027383e-01
-3.291899417035138997e-01
-3.450132902347351482e-01
2.364057851621984840e-01
-3.001547331067888624e-01
-5.384578420042200886e-01
1.000000000000000000e+00
-7.151477462882213088e-01
7.673353611039670508e-01
1.155818939027784403e-01
2.165924607713545225e-01
-1.266355423085794261e-02
-2.728930700909921320e-02
2.677543595389557107e-01
5.151866566498332078e-01
-4.641411073681713795e-01
-5.196230696000563309e-01
-1.516368972584195562e-01
2.099705688933470316e-02
-9.144061465766295527e-03
-3.554213681162961547e-01
-3.157908177260088101e-01
-6.870850007755372468e-01
-2.705350033791079634e-01
-4.329339313770027564e-01
-1.269913904431277107e-01
3.852976240579934486e-01
1.801671403979577535e-01
7.607291321237923398e-01
3.848822442871328020e-01
9.132215777925664635e-02
-1.435513745713681011e-01
3.014122608201871278e-01
1.820468706067523701e-01
-3.368953101389078608e-03
-7.882068437924847348e-01
3.310500423770212364e-01
-1.346994204580004295e-02
-2.287042593425486769e-02
2.456722530301996832e-01
1.000000000000000000e+00
-6.014331709466947951e-01
4.674424813834970327e-01
-6.739930555793660627e-02
1.272338821828100930e-01
-1.787971084636796326e-01
4.056435921781506027e-01
2.497756381763067690e-01
-6.684031541963281198e-02
5.480886956164532364e-02
3.374102445282738949e-01
1.508804071795792345e-01
-5.629265759704429328e-01
9.383291597087277391e-02
6.104173220084846418e-01
4.094963548870099723e-01
-3.910002315489516378e-02
5.670652030508371855e-01
-4.876245052826744808e-01
1.000000000000000000e+00
2.423708793592711797e-01
-2.192136932778118719e-01
-2.052242264718342479e-01
6.453192849989221047e-01
5.587731113423008988e-01
8.714786820842943538e-01
5.305657472574853983e-02
-9.133698477412961481e-01
7.592566703896468372e-01
-7.706857141293637081e-01
2.167067675815899652e-01
1.795814996433509059e-01
-3.026422390975151977e-01
-1.000000000000000000e+00
-6.117445744574955269e-01
1.729707119845512731e-01
-1.000000000000000000e+00
3.541827705663757042e-01
6.133342074973384683e-01
2.559015110291566752e-02
-1.654923394776254275e-01
6.333119726423537543e-02
-2.242295146889629331e-01
8.127880498640606133e-01
-5.148833728151896993e-02
3.728428188316007530e-02
7.649350656480329302e-01
4.884656639635973074e-01
5.235821092130513166e-02
-4.913266951387406101e-01
4.758320139064413645e-01
1.000000000000000000e+00
4.297112500563397552e-01
6.126170743163765753e-01
-6.020406941616716079e-01
5.480729728130213640e-01
-5.464759506378384923e-01
-2.288744654432013637e-02
9.971472465211113079e-01
-1.000000000000000000e+00
6.622874173592224745e-01
6.253165885900454635e-01
4.976123258906681168e-02
-2.098308066244383430e-01
4.083765053438415116e-02
2.874540072955532599e-01
1.518059323993573018e-02
2.584621283347718346e-01
4.062570297099297734e-01
1.000000000000000000e+00
-1.472472226928382977e-01
-1.905300426576000128e-01
1.644498429704825404e-01
7.318093436197887769e-01
-1.584659844953300034e-01
1.270059686973073199e-01
-4.359878855659657382e-02
-2.549301929483676621e-01
6.011424716746857078e-01
-4.012958355884303774e-02
-1.110169568024787917e-01
5.871703717220302376e-01
4.298006230194358901e-01
7.111616478124584972e-01
-4.616035337653220938e-02
-4.561263852878387759e-01
2.632482994278348420e-01
-3.289914387826717301e-01
7.027874846261150665e-02
1.813190348056314405e-01
6.284648040127078783e-01
-7.833302197062321781e-01
2.967233760660966668e-01
-2.308092340056917546e-01
2.842174606228441425e-01
1.520450389903773292e-01
-1.831976250999925449e-01
-1.708669602796490383e-01
-3.165670240893111997e-02
2.088601663932919128e-01
-7.765987399297866745e-01
-1.000000000000000000e+00
-1.830974096746107727e-01
7.060500814680323867e-01
-4.886996338007090768e-01
-3.632986083961151635e-01
-3.547240104554222340e-01
-7.821275445304318730e-01
-1.607831525548991114e-01
1.000000000000000000e+00
-3.793322948413835882e-01
-1.184869978791721346e-01
-2.778077367670103714e-02
-9.189600463391572882e-02
-5.357620774286825371e-01
3.782803372108246576e-01
5.098958215759513690e-01
-1.436672821452335547e-01
6.591487364056960452e-01
-2.966198255437326944e-02
-3.817978108568088613e-01
-3.050642094880373079e-01
-2.323511385078639857e-01
3.367028726502160896e-02
-1.429782137044890988e-01
9.579948784405933893e-02
1.411877074639643070e-01
1.340672426054313471e-01
-5.818008821107858997e-02
6.475617940901405856e-01
5.607093763785441221e-01
2.907342408695309244e-01
1.938146356584628527e-01
8.544407114171891360e-01
-4.724256841727208500e-01
1.649891924080233441e-01
-9.901727082007927283e-03
-4.902165032274835577e-01
-1.399903393682380703e-01
2.211662859800128111e-01
-3.838982509816087907e-01
4.291635424446521574e-01
1.865746223906074308e-01
6.386498892372946545e-02
7.594218445981773535e-02
1.505753026766641078e-01
-2.724151577493580945e-01
-6.497260567155829225e-01
1.012120101640589936e-01
7.077027429255787760e-01
1.333306678619461116e-01
-6.107609042227859497e-01
3.303074433136974353e-01
5.020210813260491678e-01
5.815371804852730031e-02
-4.468597689890300151e-01
-1.739057063335347486e-01
3.232485774894760383e-02
7.018315351816430958e-01
-3.998818923218778743e-01
8.799200460771328114e-02
1.228805372707156285e-02
3.336214666616088009e-01
9.976605347463280982e-01
-2.664276671579239308e-01
6.774870597918106752e-01
-6.669597457501466597e-02
5.680904116161796802e-01
2.400997894962781654e-01
-4.572402620547234009e-01
-6.608355524543595427e-01
-2.102093572755441564e-01
5.686893367827572376e-01
2.705282037904449544e-01
-2.683448647702317280e-01
3.914102217642032588e-01
-3.171841495001254674e-01
3.806736820723454207e-01
-6.514305714272247694e-02
1.271400681380874809e-01
-4.175737103009139473e-01
3.005377262888750955e-01
5.671255954275853384e-01
4.011737228290523372e-01
-7.790955567470088383e-02
4.149165961519174495e-01
3.173540499606014587e-01
8.962929166699397099e-01
-3.568132038509835846e-02
1.000000000000000000e+00
3.665526193639310759e-01
4.593235214751100193e-01
1.659411931524302775e-01
5.229575009050912993e-03
-3.968953507257282354e-01
-1.062686697833785110e-01
8.540839508112000322e-01
8.380551847922126374e-01
-4.898802743860206088e-01
1.000000000000000000e+00
-3.659012790014377625e-01
1.000000000000000000e+00
3.667046343494813621e-01
2.167043941660749540e-01
-2.736874941666158634e-01
1.121493637584110720e-01
1.000000000000000000e+00
3.805721249914458815e-01
2.837932030743544609e-01
1.834026458290903550e-01
2.817240217874549812e-01
-1.000000000000000000e+00
3.785983578576161968e-01
-6.626562269205925615e-01
